              precision    recall  f1-score   support

           #       0.00      0.00      0.00         0
           $       0.00      0.00      0.00         0
           (       0.00      0.00      0.00         0
           )       0.00      0.00      0.00         0
           ,       0.00      0.00      0.00         0
           .       0.00      0.00      0.00         0
           :       0.00      0.00      0.00         0
         BBS       0.00      0.00      0.00         1
          CC       0.96      0.96      0.96       141
          CD       0.82      1.00      0.90        36
         DET       0.00      0.00      0.00         9
          DT       0.86      0.95      0.90       421
          EX       0.64      0.70      0.67        10
          FW       1.00      0.14      0.25        14
          IN       0.84      0.96      0.90       464
          JJ       0.73      0.77      0.75       422
         JJR       0.54      0.72      0.62        18
         JJS       0.53      1.00      0.69         9
         JJr       0.00      0.00      0.00         1
          MD       0.91      0.87      0.89        82
          NN       0.70      0.85      0.77       732
         NN"       0.00      0.00      0.00         3
         NNP       0.00      0.00      0.00       102
        NNPS       0.00      0.00      0.00         2
         NNS       0.76      0.95      0.84       233
         PDT       0.50      1.00      0.67         3
         POS       0.00      0.00      0.00        12
         PRP       0.99      0.69      0.81       259
        PRP$       0.81      0.92      0.86        38
          RB       0.86      0.71      0.78       336
         RBR       0.80      0.36      0.50        11
         RBS       0.00      0.00      0.00         0
          RP       0.88      0.31      0.46        48
          RR       0.00      0.00      0.00         1
         SMY       0.00      0.00      0.00         1
         SYM       0.00      0.00      0.00       275
         SYN       0.00      0.00      0.00        16
          TO       0.99      1.00      1.00       109
          TP       0.00      0.00      0.00         1
          UH       1.00      0.26      0.42        19
          VB       0.70      0.83      0.76       200
         VBD       0.88      0.92      0.90        77
         VBG       0.89      0.89      0.89       132
         VBN       0.29      0.58      0.39        36
         VBP       0.75      0.64      0.69       177
         VBZ       0.88      0.90      0.89       163
          WB       0.00      0.00      0.00         3
         WDT       0.00      0.00      0.00         2
          WP       0.91      0.14      0.24       155
         WP$       1.00      0.50      0.67         2
         WRB       0.25      0.75      0.38         8
           _       0.00      0.00      0.00        24
        _WRB       0.00      0.00      0.00         3
          rB       0.00      0.00      0.00         1

    accuracy                           0.74      4812
   macro avg       0.42      0.39      0.38      4812
weighted avg       0.73      0.74      0.72      4812



              precision    recall  f1-score   support

           ,       0.00      0.00      0.00         0
       -LRB-       0.00      0.00      0.00         0
       -RRB-       0.00      0.00      0.00         0
           .       0.00      0.00      0.00         0
           :       0.00      0.00      0.00         0
         BBS       0.00      0.00      0.00         1
          CC       0.99      0.96      0.97       141
          CD       0.74      0.89      0.81        36
         DET       0.00      0.00      0.00         9
          DT       0.84      0.94      0.89       421
          EX       0.91      1.00      0.95        10
          FW       0.50      0.36      0.42        14
          IN       0.87      0.97      0.91       464
          JJ       0.89      0.78      0.84       422
         JJR       0.76      0.72      0.74        18
         JJS       0.56      1.00      0.72         9
         JJr       0.00      0.00      0.00         1
          MD       0.96      0.87      0.91        82
          NN       0.75      0.90      0.82       732
         NN"       0.00      0.00      0.00         3
         NNP       0.63      0.17      0.26       102
        NNPS       0.00      0.00      0.00         2
         NNS       0.85      0.98      0.91       233
         PDT       0.33      1.00      0.50         3
         POS       1.00      0.42      0.59        12
         PRP       0.99      0.97      0.98       259
        PRP$       0.81      0.92      0.86        38
          RB       0.89      0.74      0.81       336
         RBR       0.67      0.73      0.70        11
         RBS       0.00      0.00      0.00         0
          RP       0.82      0.38      0.51        48
          RR       0.00      0.00      0.00         1
         SMY       0.00      0.00      0.00         1
         SYM       0.83      0.11      0.19       275
         SYN       0.00      0.00      0.00        16
          TO       0.96      1.00      0.98       109
          TP       0.00      0.00      0.00         1
          UH       0.72      0.68      0.70        19
          VB       0.80      0.89      0.84       200
         VBD       0.90      0.81      0.85        77
         VBG       0.88      0.97      0.92       132
         VBN       0.29      0.81      0.43        36
         VBP       0.82      0.58      0.68       177
         VBZ       0.88      0.97      0.92       163
          WB       0.00      0.00      0.00         3
         WDT       0.00      0.00      0.00         2
          WP       0.92      0.15      0.27       155
         WP$       1.00      0.50      0.67         2
         WRB       0.25      0.75      0.38         8
           _       0.00      0.00      0.00        24
        _WRB       0.00      0.00      0.00         3
          rB       0.00      0.00      0.00         1

    accuracy                           0.78      4812
   macro avg       0.48      0.46      0.44      4812
weighted avg       0.83      0.78      0.77      4812
